/Library/Frameworks/Python.framework/Versions/2.7/bin/python2.7 /Users/yba/Documents/U/EECS_351/youtube-8m/src/augment.py
Number of videos in this tfrecord:  1274
First video feature length 1024
First 20 features of the first youtube video ( a0zzNorfSIw )
[-0.6824246644973755, 0.35599029064178467, -0.5234265923500061, -0.12248212844133377, -0.014074370265007019, -0.311620831489563, -0.43062296509742737, 0.09638656675815582, 0.20725813508033752, -0.21594275534152985, 0.31706205010414124, 0.10410651564598083, 0.11305836588144302, -0.17438645660877228, -0.3506311774253845, 0.1398317962884903, -0.5600552558898926, 0.0593472495675087, 0.12069618701934814, -0.023518985137343407]

Number of videos in this tfrecord:  2
First video feature length 1024
First 20 features of the first youtube video ( a0zzNorfSIw )
[-0.010533667169511318, 0.005656014196574688, -0.008054766803979874, -0.0018037362024188042, -0.00011357629409758374, -0.004752553533762693, -0.006607887800782919, 0.0016085923416540027, 0.00333716650493443, -0.003260858589783311, 0.005049093626439571, 0.0017289547249674797, 0.0018685205141082406, -0.0026129637844860554, -0.005360754206776619, 0.0022859377786517143, -0.008625835180282593, 0.0010311222868040204, 0.001987599302083254, -0.0002608256181702018]

Number of videos in this tfrecord:  2
First video feature length 1024
First 20 features of the first youtube video ( a0zzNorfSIw )
[-43.071739196777344, 23.127212524414062, -32.93561553955078, -7.375404357910156, -0.46440887451171875, -19.432998657226562, -27.019386291503906, 6.5774688720703125, 13.645538330078125, -13.333518981933594, 20.645538330078125, 7.0696258544921875, 7.6403045654296875, -10.684303283691406, -21.919906616210938, 9.34710693359375, -35.27069091796875, 4.216217041015625, 8.127212524414062, -1.0665054321289062]

Number of videos in this tfrecord:  2
First video feature length 1024
First 20 features of the first youtube video ( a0zzNorfSIw )
[-0.7669751048088074, 0.4118243455886841, -0.5864819288253784, -0.13133332133293152, -0.008269787766039371, -0.34604188799858093, -0.4811320900917053, 0.11712449043989182, 0.24298492074012756, -0.23742899298667908, 0.3676333725452423, 0.12588810920715332, 0.13605016469955444, -0.19025464355945587, -0.3903261125087738, 0.1664431393146515, -0.6280624866485596, 0.07507778704166412, 0.14472055435180664, -0.01899123191833496]

[-0.76697510100829802, 0.41182435605232348, -0.58648192251499154, -0.13133331848383434, -0.0082697876929440483, -0.34604188773491107, -0.48113208176218381, 0.11712449178716793, 0.24298492100512412, -0.23742899881719307, 0.36763336090468557, 0.12588810685864041, 0.13605017114364604, -0.1902546453473517, -0.39032611283011776, 0.16644313405109304, -0.62806247913070168, 0.075077785433613736, 0.14472055626754937, -0.018991231663362331, -0.41587111846398428, -0.20601050648648842, -0.068962483560269655, -0.32655682869301988, 0.10640304781674964, 0.25659649335017709, 0.84683529140860758, 0.12682040633432892, 0.17147755121981148, 0.098758192116103205, -0.48253053097571674, -0.037450761281995815, -0.33662566303045638, 0.073399646377374256, -0.14065631324072025, -0.24442124488485731, 0.13577048130093933, -0.60494145213362527, -0.29560448610015949, 0.50878350152393381, -0.18391500891266968, -0.50499894833981118, -0.39825065837347051, -0.079217777792843669, 0.15292479165360884, -0.12191709377938006, 0.26274966988972204, -0.11669621671552409, 0.34283419485136962, 0.10146186059559997, -0.12247647346479307, -0.42985561059931277, -0.068403103874856236, -0.01311774496652455, -0.080336537163670119, 0.59511443297269517, -0.35946700018482608, -0.12303585315020611, 0.12644748654405383, 0.10649627776431843, 0.40874776778255123, 0.096986823112294951, 0.21044766930359343, 0.72684834888748906, -0.2019083887934589, 0.37126932885987085, 0.55633077478405069, -0.085837104070232428, 0.3328585904615019, 0.18219899519022978, 0.54616871049904547, -0.32907403727737916, 0.099037881958809915, -0.095253328774687118, -0.041739338870163289, -0.14363967156292334, -0.019457381401206585, 0.035175367874143292, -0.0087359374307883052, -0.13310468748764259, 0.028928961387029634, 0.032564929342215304, -0.42771132180522897, 0.7113721775910592, 0.39550911522777338, -0.60643313129472698, 0.24438337021865691, 0.019978886420419603, 0.64275493618038082, 0.037692576458502519, -0.78860444884427272, -0.12527337189185861, -0.020016761086620011, -0.11138210970409931, 0.010096511978120663, -0.90570126299075626, -0.41661695804453525, -0.23052998269709762, 0.45377783245830888, -0.36608632646221489, -0.17216803551899368, -0.33904964166724683, -0.0076171780599618519, 0.13819445993772939, -0.05628321069090518, 0.097825892640414705, -0.87129941233784824, -0.55198684191451486, -0.24348894540916879, -0.33550690365962987, -0.21346890229199691, -0.1624721209718327, 0.0058079343899535892, -0.28786640045194428, 0.21333779767822775, -0.22596171526622386, -0.13151977837897227, -0.4085059526060445, -0.21831685956557742, 0.37443914707721188, -0.19659428178203414, -0.057029050271455758, 0.23310254656282561, 0.21799929505667071, -0.061970237492605419, 0.15954411793099757, -0.71402049078918728, -0.22157990773048764, 0.11115777514276137, -0.13487605649145085, -0.1631247306048145, -0.12956194948002608, 0.09446961452793573, -0.51105889493178669, -0.17338002483738851, 0.59977593035113808, -0.051248793522186739, -0.36366234782542478, 0.33332474019934616, -0.030551745161900748, -0.69807816975491277, 0.012986640352755367, 0.49815528750108429, 0.14910236380328562, -0.23528471002310936, 0.11292914414656963, 0.064169881568057516, 0.0011464370115106335, -0.15072514757815675, -0.14121569292613328, -0.47814872343998055, 0.34945352112875838, -0.39107195241066872, -0.66796489669017212, 0.33845238731563337, 0.072374116954116982, 0.42012182138595172, -0.65752314256246047, 0.15534877029039929, -0.44346718294436571, -0.37121397357850205, -0.11427223807873364, 0.29882965959886926, -0.10830552143432709, -0.22819923400787639, -0.23556439986581607, -0.00034524214959130321, -0.36729831578061006, -0.12564629168213409, 0.10080925096261817, -0.54415552631873088, 0.19292043916064847, 0.1818260753999543, -0.69453543174729637, 0.085239849718619004, -0.15109806736843182, 0.16718897363164401, -0.57072606137585491, 0.042726993627220558, 0.22415247159621521, 0.23403484603851413, 0.33323151025177744, -0.33634597318774967, 0.11022547566707246, -0.21085846376006895, 0.11451405325523994, 0.64303462602308747, 0.32036577748727502, -0.24218372614320482, 0.036200897297400579, -0.24815044278761175, -0.26875426120032897, 0.75118136520296086, 0.11815002121042559, -0.49959161138081748, 0.27710708181532556, -0.51059274519394249, -0.017779242344967108, 0.24419691032351937, 0.0077657632888993838, -0.29905399416020723, 0.37136255880743962, -0.24712491336435408, -0.63235105671886904, -0.32105626178645719, 0.5526948068288654, 0.23515360540934016, -0.43936506525133617, 0.95199867226627777, 0.24000156268292067, -0.42221075489866672, 0.28876082526143276, -0.27360221847390948, 0.0014261268542173462, -0.36142482908377233, -0.18083842064289743, -0.25495622896013803, 0.31952670795915522, 0.0929779353668342, 0.25902047198696759, -0.22111375799264335, -0.51049951524637371, -0.26707612214408949, -0.0904986014486754, 0.87899962331986325, 0.20354865318349796, -0.29299404756823144, -0.75988962499306478, -0.30073213321644665, -0.15398819574306655, 0.46785555454120614, -0.085184494437250624, -0.18857650629111222, -0.11632329692524861, 0.054660426916034066, 0.23757758404613061, 0.47270351181478659, -0.24367540530430634, 0.44846372544688373, 0.34218158521838743, -0.37829944959373507, -0.14904700852191724, 0.46226175768707467, 0.46021069884055971, -0.11287378886520087, -0.47656381433130979, 0.28270087866945703, 0.0041297953337141088, 0.59315660407374926, 0.052049988384106072, -0.049011274780534242, 0.12122660948019784, -0.15193713689655158, 0.1413642781550708, 0.089341967411648918, 0.14565285574323827, 0.16234101635806353, 0.396534644651031, -0.23826806834531281, -0.079031317897706149, -0.51329641367343948, 0.30750004472277298, 0.22834781923681391, 0.39289867669584533, -0.43936506525133617, 0.17940209676316426, -0.37783329985589081, 0.34497848364545336, 0.18369067435133171, 0.44240377885490845, -0.36645924625249038, -0.19295831382684847, 0.078247603650954761, 0.53134514883559725, 0.19776839643422894, 0.022216405162072111, -0.055910290900629697, 0.65133209135671566, -0.26129586539482047, -0.23258104154361262, 0.0074860734461926716, -0.41960031636673867, -0.27639911690097502, -0.35825501086643124, -0.28534919186758545, 0.33621486857398086, 0.32157776680567018, 0.39560234517534254, -0.09972836625799214, -0.30035921342617117, 0.018953356997162319, 0.71398261612298719, -0.44831514021794661, 0.076662694542284443, 0.044778052473735529, 0.20998151956574918, -0.42789778170036696, 0.3113224725730962, 0.40865453783498207, 0.15506908044769258, -0.38967350319713556, 0.58457944889741442, -0.18587283781161545, 0.14416117658213634, -0.044163317506953736, -0.37624839074722055, 0.30805942440818601, -0.15790385354095851, -0.28348459291620803, -0.16042106212531773, -0.46211317245813721, -0.32403962010866066, -0.045561766720486507, -0.40449706486058379, -0.054698301582234474, 0.62065943860656159, 0.18993708083844499, 0.14155073805020835, 0.30833911425089272, 0.27943783050454724, -0.40831949271090695, -0.053020162525995, 0.32484081497058037, 0.19040323057628925, -0.0036082903145010941, -0.20405267758754261, -0.36552694677680186, 0.36008173515160785, 0.21277841799281472, -0.17198157562385577, 0.38040586372161878, 0.048693710271627513, 0.15068727291195633, -0.27761110621937024, 0.62774491462179505, 0.63967834791060851, -0.25010827168655758, -0.24656553367894105, 0.32894293266360997, 0.12812562560029292, 0.41089205657663452, 0.70754974974073592, -0.19873857057611746, -0.30809729907438638, 0.10798795692541996, -0.11296701881276963, 0.44240377885490845, -0.11417900813116486, -0.3121061868198472, -0.049011274780534242, -0.44169581394055746, -0.33839703203426463, -0.032416344113277769, 0.53106545899289048, -0.49893900174783545, -0.18745774692028619, 0.011122041401378343, -0.26427922371702356, 0.16634990410352429, 0.25734233293072806, 0.39084761784933081, -0.15697155406527, 0.024826843694000102, -0.28217937365024404, 0.15842535856017154, -0.084625114751837205, -0.3782062196461663, 0.43447923331155525, -0.25243902037577881, -0.79307948632757763, 0.021750255424227857, 0.80385628557936495, 0.16849419289760803, 0.51558928769646051, -0.57678600796783064, 0.55521201541322462, 0.18322452461348748, 0.24839225796411807, 0.60173375925008388, 0.70027781383036536, 0.4670164850130864, -0.52690798601849242, 0.092418555681421169, -0.27444128800202922, -0.48262376092328552, -0.21757101998502684, 0.0929779353668342, 0.3539285586120634, -0.38100311807323228, 0.093444085104678457, 0.016902298150647355, -0.56643748378768755, 0.017088758045784896, 0.12402350790726338, -0.31173326702957171, -0.46276578209111935, -0.081362066586927406, 0.072374116954116982, -0.28087415438428004, 0.10808118687298912, 0.069577218527051038, -0.17086281625302971, 0.66158738558928964, -0.011532835857853842, -0.48113208176218381, -0.077912558526879686, -0.48448835987466277, 0.022682554899916364, -0.40216631617136245, 0.064169881568057516, 0.56285687111387062, -0.00034524214959130321, -0.11203471933708112, 0.22098265337887418, -0.034747092802499054, -0.14308029187751031, -0.14410582130076757, -0.26082971565697621, 0.39625495480832434, -0.17860090190124453, -0.26204170497537105, -0.012931285071386609, 0.43970011037541123, 0.045430662106717319, -0.39582667973668006, 0.17026556190141626, 0.43075003540880125, 0.20951536982790492, -0.095533018617393439, 0.13810122999016061, -0.16918467719679026, 0.13735539040961006, 0.053355207650070069, -0.52821320528445637, -0.42948269080903723, 0.37770219524212201, -0.087049093388627666, 0.40212844150516208, -0.27826371585235204, 0.40017061260621628, -0.061317627859623219, 0.52342060329224449, -0.16200597123398805, -0.18260978964670566, -0.18428792870294475, 0.065195410991314803, -0.064487446076964244, 0.29743121038533649, 0.36912504006578706, 0.078713753388799018, -0.14270737208723483, 0.33118045140526242, 0.17986824650100849, -0.003142140576656838, 0.24829902801654891, 0.2730981940698648, 0.051863528488968531, 0.054473967020896519, 0.078061143755817214, -0.34995754553280306, 0.23394161609094535, -0.0045405897901896058, -0.1450381207764565, -0.22046114835966113, 0.080205432549900951, -0.36114513924106556, 0.16672282389379978, -0.2181303996704399, -0.18456761854565146, -0.027195467049421791, -0.081921446272340437, 0.058109934976081801, -0.35359351348798834, -0.19612813204418988, 0.22228787264483818, 0.30600836556167105, -0.56019107730057416, 0.19012354073358251, -0.033441873536535056, -0.4168966478872419, -0.45605322586616143, 0.23002595829305336, 0.35019936070930935, -0.017779242344967108, 0.14406794663456757, -0.39750481879291955, -0.011532835857853842, -0.4996848413283862, -0.53082364381638447, -0.12760412058108028, -0.39088549251553079, -0.32161564147187066, 0.36250571378839835, 0.09269824552412749, -0.21225691297360169, 0.28353994819757677, -0.20340006795456045, 0.19562410764014521, -0.25831250707261699, -0.0025827608912438104, 0.17157078116738025, -0.19351769351226189, -0.15249651658196497, -0.50313434938843393, -0.11333993860304512, -0.068682793717562945, 0.22508477107190369, 0.5526948068288654, -0.055537371110354214, -0.33382876460339084, 0.27067421543307479, -0.26838134141005349, 0.14872944401301053, 0.085705999456463247, -0.29495187646717769, 0.26657209774004481, -0.32963341696279214, 0.45610858114753017, 0.16868065279274558, -0.64484386969309593, 0.05755055529066877, -0.53501899145698295, 0.050651539170573301, -0.32842142764439691, 0.20466741255432441, 0.01494446925170116, 0.034802448083867808, -0.14839439888893505, -0.15240328663439581, 0.12411673785483215, 0.39821278370727015, -0.14615688014728256, 0.5115803999509998, -0.080429767111238906, 0.24662088896030981, -0.1821436399088614, 0.39793309386456377, -0.14308029187751031, -0.16219243112912596, -0.171142506095736, -0.72884405245263562, 0.13539756151066384, 0.31934024806401773, 0.16290039604347656, 0.048134330586214087, 0.11637865220661736, 0.26107153083348256, 0.097639432745277158, 0.30619482545680898, 0.16355300567645875, -0.26353338413647298, -0.18904265602895648, -0.21691841035204465, -0.52131418916436101, 0.33602840867884293, 0.17166401111494906, 0.41173112610475432, 0.30740681477520421, -0.021508440247721552, -0.097490847516339629, -0.42827070149064239, 0.43112295519907673, -0.086582943650783395, 0.60965830479343663, 0.044871282421304295, -0.29644355562827918, 0.3565389971439914, -0.28823932024221977, -0.026169937626164506, -0.067843724189443191, 0.60900569516045477, -0.1585564631739407, -0.033721563379241766, -0.32991310680549885, -0.29942691395048271, -0.53511222140455172, -0.26688966224895155, 0.36893858017064912, 0.11134423503789891, 0.31011048325470092, -0.042485178450714256, -0.054045691949252281, 0.17259631059063754, -0.17869413184881366, 0.57945180178112721, 0.22601707054759221, 0.23832342362668157, -0.29690970536612343, -0.41829509710077473, 0.28568423699166051, -0.14727563951810901, -0.0076171780599618519, -0.049850344308653975, 0.26918253627197286, 0.52258153376412475, 0.31700949937479639, 0.26414811910325475, -0.46509653078034063, -0.10849198132946462, -0.001277541625279815, -0.12424784246860132, 0.076476234647146507, 0.15702690934663877, 0.20830338050950969, 0.14695807500920227, 0.051024458960848784, 0.21175288856955743, -0.011626065805422612, 0.42636822787306494, 0.48034836751543264, 0.25603711366476412, -0.12834996016163086, -0.2644656836121615, 0.22396601170107766, 0.26452103889353029, -0.29159559835469873, 0.3200860876445687, -0.11278055891763208, 0.17418121969930825, 0.1562810697660878, 0.24373076058567508, -0.47563151485562127, -0.16713361835027526, -0.47973363254865109, 0.48640831410740831, 0.38040586372161878, -0.32674328858815743, 0.45862578973188939, -0.12312908309777487, -0.19883180052368665, -0.10811906153918914, -0.45661260555157485, 0.13754185030474761, 0.065475100834021513, 0.32372205559975392, 0.086172149194307504, -0.017965702240105047, -0.40570905417897901, 0.014664779408994844, -0.072318761672748214, -0.25821927712504822, 0.011774651034360144, -0.34445697862624036, 0.25920693188210508, -0.025237638150475597, -0.40915856223902675, -0.041925798765301225, 0.52164923428843624, -0.23724253892205555, -0.14457197103861225, -0.49940515148567977, -0.076980259051191172, -0.39284332141447698, 0.217719605213964, -0.11203471933708112, -0.076141189523071431, 0.37108286896473286, 0.45983777905028422, 0.48109420709598361, -0.15743770380311425, -0.17571077352661019, 0.064542801358332999, -0.27602619711069953, -0.25943126644344305, -0.05497799142494119, 0.12150629932290416, -0.5403330984684076, 0.13782154014745429, 0.26983514590495505, -0.059266569013108256, -0.30063890326887788, -0.24693845346921653, -0.41167577082338597, -0.14690271972783353, -0.27397513826418496, 0.051490608698693048, -0.15016576789274333, 0.47717854929809156, 0.26107153083348256, 0.28391286798785226, 0.47046599307313408, 0.23748435409856183, 0.83285079927327921, -0.12480722215401435, 0.40828161804470697, -0.22092729809750544, 0.24885840770196233, -0.25504945890770681, 0.27365757375527783, -0.77918822413981792, -0.17282064515197551, -0.13310468748764259, 0.2427984611099866, 0.25920693188210508, -0.18223686985643017, 0.11609896236391065, -0.26260108466078447, 0.099876951486929669, -0.041925798765301225, 0.33826592742049544, -0.36263681840216755, -0.02626316757373328, 0.27542894275908647, -0.1631247306048145, -0.47199554690043605, -0.14317352182507909, 0.028369581701616603, -0.085464184279956945, 0.22349986196323338, -0.43600878713885727, -0.34622834763004862, 0.36110726457486558, -0.061410857807191993, -0.10700030216836309, 0.35057228049958444, -0.2835778228637772, -0.0096682369064768174, -0.061877007545036243, 0.2292801187125024, 0.054940116758740783, 0.29948226923185145, -0.31350463603337991, 0.00040059743095966518, 0.041328544413687794, -0.49884577180026651, -0.44272134336381519, -0.045188846930211024, 0.065568330781590287, 0.35290302918880612, -0.21244337286873965, 0.84814051067457163, 0.25072300665333935, 0.43475892315426201, 0.0057147044423844209, 0.28652330651978025, -0.25094734121467727, -0.55068162264855092, -0.44244165352110842, -0.023839188936942833, -0.25029473158169507, 0.45032832439826115, 0.032192009551939821, 0.3881439493698336, 0.21706699558098219, -0.29439249678176427, 0.47689885945538529, 0.41918952191026282, 0.32838355297819694, -0.014143274389781834, 0.052049988384106072, 0.10099571085775572, 0.37788865513725955, -0.40375122528003321, 0.30638128535194653, 0.15133988254493852, -0.0085494775356503641, -0.097117927726064146, -0.10802583159162037, -0.047612825567001471, -0.014329734284919772, -0.12098479430369154, 0.16262070620076982, -0.087328783231334375, -0.31042804776360766, -0.45912981413593368, 0.052702598017088272, -0.31247910661012268, 0.35178426981797967, 0.099131111906378702, 0.17296923038091302, 0.23645882467530413, -0.23957328761127683, -0.14550427051430076, 0.0057147044423844209, -0.043231018031265223, -0.073157831200867954, 0.15721336924177629, 0.5917581548602161, -0.20843448512327889, 0.18704695246381026, 0.36595522184844609, 0.42235934012760423, 0.063796961777782032, -0.13077393879842131, -0.27071209009927477, 0.74568079829639855, 0.099410801749085398, -0.3038087214862189, 0.2495110173349441, 0.24363753063810634, -0.25803281722991028, -0.23994620740155231, 0.014478319513856908, 0.60350512825389213, -0.56485257467901706, 0.16411238536187175, 0.2489516376495311, -0.23985297745398354, 0.014571549461426076, 0.44697204628578224, 0.19441211832174998, -0.1082122914867579, 0.18686049256867274, -0.30175766263970399, -0.038662750600391038, -0.1285364200567688, -0.37801975975102875, -0.18839004639597468, -0.22726693453218785, 0.57730751298704341, -0.42463473353545672, 0.22461862133405947, -0.15874292306907828, -0.014889113970332799, 0.12393027795969461, 0.0761965448044402, -0.4436536428395037, -0.28106061427941798, 0.27748000160560105, 0.1976751664866602, 0.014571549461426076, -0.20498497706323116, 0.2880149856808818, 0.12420996780240091, -0.35294090385500609, -0.011159916067578355, -0.10215234489478218, 0.093164395261971733, -0.25066765137197056, 0.23011918824062214, -0.0629957669158627, 0.2334754663531011, 0.53591341626647149, -0.34697418721059958, -0.58694807225283607, 0.29491400180097727, 0.21594823621015574, 0.14994143333140536, 0.14238980757832809, 0.26396165920811682, 0.34796184196765645, -0.082946975695598127, -0.59944088522706285, -0.28395074265405229, -0.40934502213416429, 0.079552822916918745, -0.058800419275263999, 0.37257454812583479, 0.059881303979890041, 0.26237675009944655, -0.46285901203868818, -0.019270921506069044, 0.29668537080478552, -0.12126448414639786, -0.21318921244929062, 0.45265907308748243, 0.058482854766357284, -0.37158689336877759, -0.41447266925045145, -0.058707189327695225, 0.22993272834548423, -0.47637735443617224, -0.11492484771171584, 0.58504559863525862, 0.25109592644361478, -0.057868119799575492, 0.16364623562402753, -0.08891369234000468, 0.02995449081028731, -0.48859047756769225, 0.096613903322019468, -0.66376954904957375, 0.3552337778780274, 0.69822675498385045, 0.13866060967557406, 0.56434855027497255, 0.034336298346023558, -0.3242260800037986, -0.084998034542112688, -0.41493881898829577, -0.26810165156734678, 0.48603539431713283, -0.33681212292559393, 0.12486257743538312, 0.34330034458921388, -0.56037753719571193, -0.60643313129472698, -0.31853905320209841, 0.1149802029930842, -0.0011843116777106458, 0.19683609695854046, -0.46127410293001742, 0.13092252402735885, -0.12378169273075708, 0.19040323057628925, -0.054698301582234474, 0.014198629671150593, -0.075302119994951691, -0.15697155406527, 0.35532700782559612, 0.15022112317411207, -0.13235884790709201, 0.014105399723581821, 0.12868500528570634, 0.35532700782559612, 0.28447224767326529, 0.4176046128015925, -0.046587296143743788, 0.15516231039526135, 0.14761068464218408, -0.080336537163670119, -0.21980853872667935, 0.38665227020873211, -0.45791782481753884, 0.61907452949789132, -0.52103449932165447, -0.12210355367451758, -0.61501028647106171, 0.67053746055590013, 0.36996410959390685, -0.21123138355034443, 0.34796184196765645, 0.22415247159621521, 0.054101047230621035, 0.15758628903205177, -0.5671833233682384, -0.23621700949879784, 0.32400174544246069, -0.004727049685327547, -0.19967087005180639, -0.1379526447612231, 0.18658080272596603, 0.32987523213929842, 0.21939774427020348, 0.3286632428209032, -0.24908274226330024, -0.1673200782454132, 0.030886790285975824, 0.33938468679132189, 0.30992402335956304, -0.24554000425568376, -0.18074519069532824, 0.4520996934020694, 0.35896297578078185, 0.11693803189203039, 0.16569729447054207, -0.026915777206715077, 0.013359560143030854, -0.18466084849322023, 0.32288298607163424, -0.13282499764493627, 0.17231662074793125, -0.020109991034188784, -0.23453887044255839, -0.40244600601406921, 0.058203164923650574, -0.12536660183942777, 0.4121040458950298, -0.26399953387431724, 0.15031435312168084, 0.15413678097200406, 0.20448095265918648, 0.36045465494188345, 0.10108894080532489, 0.39094084779689953, 0.24718026864572282, -0.11902696540474533, 0.077222074227697474, 0.56155165184790667, -0.39955587763943451, -0.16554870924160495, -0.05264724273571951, -0.052926932578426227, -0.040434119604199292, -0.08341312543344237, -0.010041156696752301, -0.25868542686289248, 0.17884271707775121, 0.26349550947027256, -0.010786996277302872, -0.23342011107173236, -0.61995147369221126, 0.11619219231147941, -0.27556004737285528, 0.45023509445069243, -0.14662302988512679, -0.21710487024718259, 0.58392683926443212, 0.34758892217738141, 0.77859096978820475, 0.30526252598112047, 0.0096303622402764081, 0.54309212222927317, 0.13688924067176581, 0.74344327955474565, -0.29206174809254298, -0.37811298969859752, 0.20065852480886326, -0.46276578209111935, 0.18462297382702023, -0.31769998367397861, 0.32717156365980166, -0.23146228217278617, -0.32012396231076873, -0.020855830614739355, -0.20750218564759035, 0.11703126183959917, 0.022682554899916364, -0.084345424909130898, -0.20852771507084766, -0.084345424909130898, -0.13897817418448077, 0.25324021523769857, -0.26716935209165826, 0.077315304175266247, -0.21412151192497911, 0.28689622631005574, -0.071479692144628473, 0.15516231039526135, 0.22816135934167595, -0.27313606873606522, 0.27235235448931383, 0.16355300567645875, -0.26399953387431724]
